0.0 0.0 80.0 100.0 00.0 80.0 100.0 100.0 80.0
#ff0000
100.0 100.0 80.0 0.0 100.0 80.0 0.0 0.0 80.0
#ff0000

0.0 0.0 80.0 0.0 0.0 180.0 0.0 100.0 180.0
#00ff00
0.0 0.0 80.0 0.0 100.0 80.0 0.0 100.0 180.0
#00ff00

100.0 0.0 80.0 100.0 0.0 180.0 100.0 100.0 180.0
#0000ff
100.0 0.0 80.0 100.0 100.0 80.0 100.0 100.0 180.0
#0000ff

0.0 0.0 180.0 100.0 00.0 180.0 100.0 100.0 180.0
#ff00ff
100.0 100.0 180.0 0.0 100.0 180.0 0.0 0.0 180.0
#ff00ff

0.0 0.0 80.0 100.0 0.0 80.0 100.0 0.0 180.0
#0076a3
0.0 0.0 80.0 0.0 0.0 180.0 100.0 0.0 180.0
#0076a3

0.0 100.0 80.0 100.0 100.0 80.0 100.0 100.0 180.0
#ffff00
0.0 100.0 80.0 0.0 100.0 180.0 100.0 100.0 180.0
#ffff00



200.0 0.0 80.0 300.0 00.0 80.0 300.0 100.0 80.0
#96783e
300.0 100.0 80.0 200.0 100.0 80.0 200.0 0.0 80.0
#96783e

200.0 0.0 80.0 200.0 0.0 180.0 200.0 100.0 180.0
#a2d511
200.0 0.0 80.0 200.0 100.0 80.0 200.0 100.0 180.0
#a2d511

300.0 0.0 80.0 300.0 0.0 180.0 300.0 100.0 180.0
#f55d01
300.0 0.0 80.0 300.0 100.0 80.0 300.0 100.0 180.0
#f55d01

200.0 0.0 180.0 300.0 00.0 180.0 300.0 100.0 180.0
#3e809b
300.0 100.0 180.0 200.0 100.0 180.0 200.0 0.0 180.0
#3e809b

200.0 0.0 80.0 300.0 0.0 80.0 300.0 0.0 180.0
#6f6cd8
200.0 0.0 80.0 200.0 0.0 180.0 300.0 0.0 180.0
#6f6cd8

200.0 100.0 80.0 300.0 100.0 80.0 300.0 100.0 180.0
#0ad3cc
200.0 100.0 80.0 200.0 100.0 180.0 300.0 100.0 180.0
#0ad3cc


