200.0 50.0 80.0 300.0 50.0 80.0
300.0 50.0 80.0 300.0 150.0 80.0
300.0 150.0 80.0 200.0 150.0 80.0
200.0 150.0 80.0 200.0 50.0 80.0

210.0 50.0 160.0 310.0 50.0 160.0
310.0 50.0 160.0 310.0 150.0 160.0
310.0 150.0 160.0 210.0 150.0 160.0
210.0 150.0 160.0 210.0 50.0 160.0

200.0 50.0 80.0 210.0 50.0 160.0
300.0 50.0 80.0 310.0 50.0 160.0
300.0 150.0 80.0 310.0 150.0 160.0
200.0 150.0 80.0 210.0 150.0 160.0

200.0 50.0 80.0 255.0 0.0 120.0
255.0 0.0 120.0 310.0 50.0 160.0
300.0 50.0 80.0 255.0 0.0 120.0
255.0 0.0 120.0 210.0 50.0 160.0


0.0 50.0 80.0 100.0 50.0 80.0
100.0 50.0 80.0 100.0 150.0 80.0
100.0 150.0 80.0 0.0 150.0 80.0
0.0 150.0 80.0 0.0 50.0 80.0

10.0 50.0 160.0 110.0 50.0 160.0
110.0 50.0 160.0 110.0 150.0 160.0
110.0 150.0 160.0 10.0 150.0 160.0
10.0 150.0 160.0 10.0 50.0 160.0

0.0 50.0 80.0 10.0 50.0 160.0
100.0 50.0 80.0 110.0 50.0 160.0
100.0 150.0 80.0 110.0 150.0 160.0
0.0 150.0 80.0 10.0 150.0 160.0

0.0 50.0 80.0 55.0 0.0 120.0
55.0 0.0 120.0 110.0 50.0 160.0
100.0 50.0 80.0 55.0 0.0 120.0
55.0 0.0 120.0 10.0 50.0 160.0